Account:   RingGo - Local Parking Security Ltd 
Date:      01-May-2022 - 31-May-2022 
HD Number: 575 

Status     Date                    Session                     EOMServiceCharge       
                         ServiceCharge   SessionQty       ServiceCharge   SessionQty  

       01-May-2022              122.33     734                   122.33     734 
       02-May-2022              105.33     632                   105.33     632 
       03-May-2022               83.00     498                    83.00     498 
       04-May-2022               93.50     561                    93.50     561 
       05-May-2022               97.33     584                    97.33     584 
       06-May-2022              118.83     713                   118.83     713 
FAIL   07-May-2022              144.16     864                   144.16     865 
FAIL   08-May-2022              112.16     674                   112.16     673 
       09-May-2022               80.66     484                    80.66     484 
       10-May-2022               80.33     482                    80.33     482 
       11-May-2022               87.16     523                    87.16     523 
       12-May-2022               84.16     505                    84.16     505 
       13-May-2022              108.50     651                   108.50     651 
       14-May-2022              138.16     829                   138.16     829 
       15-May-2022               95.66     574                    95.66     574 
       16-May-2022               79.16     475                    79.16     475 
       17-May-2022               93.50     561                    93.50     561 
       18-May-2022               89.66     538                    89.66     538 
       19-May-2022               84.83     509                    84.83     509 
       20-May-2022              116.83     701                   116.83     701 
       21-May-2022              138.66     832                   138.66     832 
       22-May-2022               98.00     588                    98.00     588 
       23-May-2022               76.00     456                    76.00     456 
       24-May-2022               89.16     535                    89.16     535 
       25-May-2022               94.33     566                    94.33     566 
       26-May-2022               92.50     555                    92.50     555 
       27-May-2022              123.00     738                   123.00     738 
       28-May-2022              145.00     870                   145.00     870 
       29-May-2022              122.00     732                   122.00     732 
       30-May-2022              111.66     670                   111.66     670 
       31-May-2022              130.66     784                   130.66     784 

Totals                         3236.33    19418                  3236.33    19418